255 255 255 255 255 255 255 255 255 255 255 255 255 255 255 255
255 255 255 255 255 255 255 255 255 255 255 255 255 255 255 255
255 255 255 255 255 255 255 255 255 255 255 255 255 255 255 255
255 255 255 255 255 255 255 255 255 255 255 255 255 255 255 255
255 255   0 215 255   0 183  16 167 230 120 167 141  85 255 255
255 255   0 115 135   0 183  13  13 221 120 255 156   0 255 255
255 255   0 215 255   0 254 190 255 108 120  72  78 250 255 255
255 255  12 217 255  12 190  22   7 190 126 255 255 255 255 255
255 255 243 253 255 243 255 253 238 255 248 255 255 255 255 255
255 255 255 255 255 255 255 255 255 255 255 255 255 255 255 255
255 255 255 255 255 255 255 255 255 255 255 255 255 255 255 255
255 255 255 255 255 255 255 255 255 255 255 255 255 255 255 255
255 255 255 255 255 255 255 255 255 255 255 255 255 255 255 255
255 255 255 255 255 255 255 255 255 255 255 255 255 255 255 255
255 255 255 255 255 255 255 255 255 255 255 255 255 255 255 255
255 255 255 255 255 255 255 255 255 255 255 255 255 255 255 255
255 255 255 255 255 255 255 255 255 255 255 255 255 255 255 255
255 255 255 255 255 255 255 255 255 255 255 255 255 255 255 255
255 255 255 255 255 255 255 255 255 255 255 255 255 255 255 255
255 255 255 255 255 255 255 255 255 255 255 255 255 255 255 255
255 255   0 215 255   0 183  16 167 230 120 167 141  85 255 255
255 255   0 115 135   0 183  13  13 221 120 255 156   0 255 255
255 255   0 215 255   0 254 190 255 108 120  72  78 250 255 255
255 255  12 217 255  12 190  22   7 190 126 255 255 255 255 255
255 255 243 253 255 243 255 253 238 255 248 255 255 255 255 255
255 255 255 255 255 255 255 255 255 255 255 255 255 255 255 255
255 255 255 255 255 255 255 255 255 255 255 255 255 255 255 255
255 255 255 255 255 255 255 255 255 255 255 255 255 255 255 255
255 255 255 255 255 255 255 255 255 255 255 255 255 255 255 255
255 255 255 255 255 255 255 255 255 255 255 255 255 255 255 255
255 255 255 255 255 255 255 255 255 255 255 255 255 255 255 255
255 255 255 255 255 255 255 255 255 255 255 255 255 255 255 255
255 255 255 255 255 255 255 255 255 255 255 255 255 255 255 255
255 255 255 255 255 255 255 255 255 255 255 255 255 255 255 255
255 255 255 255 255 255 255 255 255 255 255 255 255 255 255 255
255 255 255 255 255 255 255 255 255 255 255 255 255 255 255 255
255 255   0 215 255   0 183  16 167 230 120 167 141  85 255 255
255 255   0 115 135   0 183  13  13 221 120 255 156   0 255 255
255 255   0 215 255   0 254 190 255 108 120  72  78 250 255 255
255 255  12 217 255  12 190  22   7 190 126 255 255 255 255 255
255 255 243 253 255 243 255 253 238 255 248 255 255 255 255 255
255 255 255 255 255 255 255 255 255 255 255 255 255 255 255 255
255 255 255 255 255 255 255 255 255 255 255 255 255 255 255 255
255 255 255 255 255 255 255 255 255 255 255 255 255 255 255 255
255 255 255 255 255 255 255 255 255 255 255 255 255 255 255 255
255 255 255 255 255 255 255 255 255 255 255 255 255 255 255 255
255 255 255 255 255 255 255 255 255 255 255 255 255 255 255 255
255 255 255 255 255 255 255 255 255 255 255 255 255 255 255 255

255 255 255 255 255 255 255 255 255 255 255 255 255 255 255 255
255 255 255 255 248 248 255 255 255 255 255 255 255 255 255 255
255 255 255 239  81  71 214 255 255 255 255 255 255 255 255 255
255 255 255 178 133 148 151 255 255 255 255 255 255 255 255 255
255 255 255 167 120 133 105 191 247 255 255 255 255 255 255 255
255 255 255 197 105 100  92 120 239 255 255 255 255 255 255 255
255 255 255 211 210 168  98 154 250 255 255 255 255 255 255 255
255 255 255 167 164 100 162  89 230 255 255 255 255 255 255 255
255 255 255 172  83  70 183  90 234 255 255 255 255 255 255 255
255 255 255 225 167 160 190 178 249 255 255 255 255 255 255 255
255 255 255 197  93  62  75 104 237 255 255 255 255 255 255 255
255 255 255 248 235 116 183 237 253 255 255 255 255 255 255 255
255 255 255 236 202  99 155 206 249 255 255 255 255 255 255 255
255 255 255 190  76  67  68  88 234 255 255 255 255 255 255 255
255 255 255 253 250 250 250 251 254 255 255 255 255 255 255 255
255 255 255 255 255 255 255 255 255 255 255 255 255 255 255 255
255 255 255 255 255 255 255 255 255 255 255 255 255 255 255 255
255 255 255 255 248 248 255 255 255 255 255 255 255 255 255 255
255 255 255 239  81  71 214 255 255 255 255 255 255 255 255 255
255 255 255 178 133 148 151 255 255 255 255 255 255 255 255 255
255 255 255 167 120 133 105 191 247 255 255 255 255 255 255 255
255 255 255 197 105 100  92 120 239 255 255 255 255 255 255 255
255 255 255 211 210 168  98 154 250 255 255 255 255 255 255 255
255 255 255 167 164 100 162  89 230 255 255 255 255 255 255 255
255 255 255 172  83  70 183  90 234 255 255 255 255 255 255 255
255 255 255 225 167 160 190 178 249 255 255 255 255 255 255 255
255 255 255 197  93  62  75 104 237 255 255 255 255 255 255 255
255 255 255 248 235 116 183 237 253 255 255 255 255 255 255 255
255 255 255 236 202  99 155 206 249 255 255 255 255 255 255 255
255 255 255 190  76  67  68  88 234 255 255 255 255 255 255 255
255 255 255 253 250 250 250 251 254 255 255 255 255 255 255 255
255 255 255 255 255 255 255 255 255 255 255 255 255 255 255 255
255 255 255 255 255 255 255 255 255 255 255 255 255 255 255 255
255 255 255 255 248 248 255 255 255 255 255 255 255 255 255 255
255 255 255 239  81  71 214 255 255 255 255 255 255 255 255 255
255 255 255 178 133 148 151 255 255 255 255 255 255 255 255 255
255 255 255 167 120 133 105 191 247 255 255 255 255 255 255 255
255 255 255 197 105 100  92 120 239 255 255 255 255 255 255 255
255 255 255 211 210 168  98 154 250 255 255 255 255 255 255 255
255 255 255 167 164 100 162  89 230 255 255 255 255 255 255 255
255 255 255 172  83  70 183  90 234 255 255 255 255 255 255 255
255 255 255 225 167 160 190 178 249 255 255 255 255 255 255 255
255 255 255 197  93  62  75 104 237 255 255 255 255 255 255 255
255 255 255 248 235 116 183 237 253 255 255 255 255 255 255 255
255 255 255 236 202  99 155 206 249 255 255 255 255 255 255 255
255 255 255 190  76  67  68  88 234 255 255 255 255 255 255 255
255 255 255 253 250 250 250 251 254 255 255 255 255 255 255 255
255 255 255 255 255 255 255 255 255 255 255 255 255 255 255 255

255 255 255 255 255 255 255 255 255 255 255 255 255 255 255 255
255 255 255 255 255 255 255 255 255 255 255 255 255 255 255 255
255 255 255 255 255 255 255 255 255 255 255 255 255 255 255 255
255 255 255 255 255 255 255 255 255 255 255 255 255 255 255 255
255 255 255 255 255 255 255 255 255 255 255 255 255 255 255 255
255 255 255 255 255 255 255 255 255 255 255 255 255 255 255 255
255 255 255 255 255 255 255 255 255 255 255 255 255 255 255 255
255 255 255 255 247 239 250 230 234 249 237 253 249 234 254 255
255 255 255 255 191 120 154  89  90 178 104 237 206  88 251 255
255 255 214 151 105  92  98 162 183 190  75 183 155  68 250 255
255 248  71 148 133 100 168 100  70 160  62 116  99  67 250 255
255 248  81 133 120 105 210 164  83 167  93 235 202  76 250 255
255 255 239 178 167 197 211 167 172 225 197 248 236 190 253 255
255 255 255 255 255 255 255 255 255 255 255 255 255 255 255 255
255 255 255 255 255 255 255 255 255 255 255 255 255 255 255 255
255 255 255 255 255 255 255 255 255 255 255 255 255 255 255 255
255 255 255 255 255 255 255 255 255 255 255 255 255 255 255 255
255 255 255 255 255 255 255 255 255 255 255 255 255 255 255 255
255 255 255 255 255 255 255 255 255 255 255 255 255 255 255 255
255 255 255 255 255 255 255 255 255 255 255 255 255 255 255 255
255 255 255 255 255 255 255 255 255 255 255 255 255 255 255 255
255 255 255 255 255 255 255 255 255 255 255 255 255 255 255 255
255 255 255 255 255 255 255 255 255 255 255 255 255 255 255 255
255 255 255 255 247 239 250 230 234 249 237 253 249 234 254 255
255 255 255 255 191 120 154  89  90 178 104 237 206  88 251 255
255 255 214 151 105  92  98 162 183 190  75 183 155  68 250 255
255 248  71 148 133 100 168 100  70 160  62 116  99  67 250 255
255 248  81 133 120 105 210 164  83 167  93 235 202  76 250 255
255 255 239 178 167 197 211 167 172 225 197 248 236 190 253 255
255 255 255 255 255 255 255 255 255 255 255 255 255 255 255 255
255 255 255 255 255 255 255 255 255 255 255 255 255 255 255 255
255 255 255 255 255 255 255 255 255 255 255 255 255 255 255 255
255 255 255 255 255 255 255 255 255 255 255 255 255 255 255 255
255 255 255 255 255 255 255 255 255 255 255 255 255 255 255 255
255 255 255 255 255 255 255 255 255 255 255 255 255 255 255 255
255 255 255 255 255 255 255 255 255 255 255 255 255 255 255 255
255 255 255 255 255 255 255 255 255 255 255 255 255 255 255 255
255 255 255 255 255 255 255 255 255 255 255 255 255 255 255 255
255 255 255 255 255 255 255 255 255 255 255 255 255 255 255 255
255 255 255 255 247 239 250 230 234 249 237 253 249 234 254 255
255 255 255 255 191 120 154  89  90 178 104 237 206  88 251 255
255 255 214 151 105  92  98 162 183 190  75 183 155  68 250 255
255 248  71 148 133 100 168 100  70 160  62 116  99  67 250 255
255 248  81 133 120 105 210 164  83 167  93 235 202  76 250 255
255 255 239 178 167 197 211 167 172 225 197 248 236 190 253 255
255 255 255 255 255 255 255 255 255 255 255 255 255 255 255 255
255 255 255 255 255 255 255 255 255 255 255 255 255 255 255 255
255 255 255 255 255 255 255 255 255 255 255 255 255 255 255 255

255 255 255 255 255 255 255 255 255 255 255 255 255 255 255 255
255 255 255 255 255 255 255 254 251 250 250 250 253 255 255 255
255 255 255 255 255 255 255 234  88  68  67  76 190 255 255 255
255 255 255 255 255 255 255 249 206 155  99 202 236 255 255 255
255 255 255 255 255 255 255 253 237 183 116 235 248 255 255 255
255 255 255 255 255 255 255 237 104  75  62  93 197 255 255 255
255 255 255 255 255 255 255 249 178 190 160 167 225 255 255 255
255 255 255 255 255 255 255 234  90 183  70  83 172 255 255 255
255 255 255 255 255 255 255 230  89 162 100 164 167 255 255 255
255 255 255 255 255 255 255 250 154  98 168 210 211 255 255 255
255 255 255 255 255 255 255 239 120  92 100 105 197 255 255 255
255 255 255 255 255 255 255 247 191 105 133 120 167 255 255 255
255 255 255 255 255 255 255 255 255 151 148 133 178 255 255 255
255 255 255 255 255 255 255 255 255 214  71  81 239 255 255 255
255 255 255 255 255 255 255 255 255 255 248 248 255 255 255 255
255 255 255 255 255 255 255 255 255 255 255 255 255 255 255 255
255 255 255 255 255 255 255 255 255 255 255 255 255 255 255 255
255 255 255 255 255 255 255 254 251 250 250 250 253 255 255 255
255 255 255 255 255 255 255 234  88  68  67  76 190 255 255 255
255 255 255 255 255 255 255 249 206 155  99 202 236 255 255 255
255 255 255 255 255 255 255 253 237 183 116 235 248 255 255 255
255 255 255 255 255 255 255 237 104  75  62  93 197 255 255 255
255 255 255 255 255 255 255 249 178 190 160 167 225 255 255 255
255 255 255 255 255 255 255 234  90 183  70  83 172 255 255 255
255 255 255 255 255 255 255 230  89 162 100 164 167 255 255 255
255 255 255 255 255 255 255 250 154  98 168 210 211 255 255 255
255 255 255 255 255 255 255 239 120  92 100 105 197 255 255 255
255 255 255 255 255 255 255 247 191 105 133 120 167 255 255 255
255 255 255 255 255 255 255 255 255 151 148 133 178 255 255 255
255 255 255 255 255 255 255 255 255 214  71  81 239 255 255 255
255 255 255 255 255 255 255 255 255 255 248 248 255 255 255 255
255 255 255 255 255 255 255 255 255 255 255 255 255 255 255 255
255 255 255 255 255 255 255 255 255 255 255 255 255 255 255 255
255 255 255 255 255 255 255 254 251 250 250 250 253 255 255 255
255 255 255 255 255 255 255 234  88  68  67  76 190 255 255 255
255 255 255 255 255 255 255 249 206 155  99 202 236 255 255 255
255 255 255 255 255 255 255 253 237 183 116 235 248 255 255 255
255 255 255 255 255 255 255 237 104  75  62  93 197 255 255 255
255 255 255 255 255 255 255 249 178 190 160 167 225 255 255 255
255 255 255 255 255 255 255 234  90 183  70  83 172 255 255 255
255 255 255 255 255 255 255 230  89 162 100 164 167 255 255 255
255 255 255 255 255 255 255 250 154  98 168 210 211 255 255 255
255 255 255 255 255 255 255 239 120  92 100 105 197 255 255 255
255 255 255 255 255 255 255 247 191 105 133 120 167 255 255 255
255 255 255 255 255 255 255 255 255 151 148 133 178 255 255 255
255 255 255 255 255 255 255 255 255 214  71  81 239 255 255 255
255 255 255 255 255 255 255 255 255 255 248 248 255 255 255 255
255 255 255 255 255 255 255 255 255 255 255 255 255 255 255 255
