255 255 255 255 255 255 255 255 255 255 255 255 255 255 255 255
255 255 255 255 255 255 255 255 255 255 255 255 255 255 255 255
255 255 255 255 255 255 255 255 255 255 255 255 255 255 255 255
255 255 255 255 255 255 255 255 255 255 255 255 255 255 255 255
255 255 255 255 255 255 255 255 255 255 255 255 255 255 255 255
255 255 255 255 255 255 255 255 255 255 255 255 255 255 255 255
255 255 255 255 255 255 255 255 255 255 255 255 255 255 255 255
255 255 255 255 255 255 255 255 255 255 255 255 255 255 255 255
255 255 255 255 255 255 255 255 255 255 255 255 255 255 255 255
255 255 255 255 255 255 255 255 255 255 255 255 255 255 255 255
255   0   0 255   0   0 255   0   0 255   0   0 255   0 255 255
255   0   0 255   0   0 255   0   0 255   0   0 255 255   0 255
255 255 255 255   0 255 255 255 251 255   0 255 255 255 255 255
255 255 255 255 255 255 255 255 255 255 255 255 255 255 255 255
255 255 255 255 255 255 255 255 255 255 255 255 255 255 255 255
255 255 255 255 255 255 255 255 255 255 255 255 255 255 255 255
255 255 255 255 255 255 255 255 255 255 255 255 255 255 255 255
255 255 255 255 255 255 255 255 255 255 255 255 255 255 255 255
255 255 255 255 255 255 255 255 255 255 255 255 255 255 255 255
255 255 255 255 255 255 255 255 255 255 255 255 255 255 255 255
255 255 255 255 255 255 255 255 255 255 255 255 255 255 255 255
255 255 255 255 255 255 255 255 255 255 255 255 255 255 255 255
255 255 255 255 255 255 255 255 255 255 255 255 255 255 255 255
255 255 255 255 255 255 255 255 255 255 255 255 255 255 255 255
255 255 255 255 255 255 255 255 255 255 255 255 255 255 255 255
255 255 255 255 255 255 255 255 255 255 255 255 255 255 255 255
255   0   0 255   0   0 255   0   0 255   0   0 255   0 255 255
255   0   0 255   0   0 255   0   0 255   0   0 255 255   0 255
255 255 255 255   0 255 255 255 251 255   0 255 255 255 255 255
255 255 255 255 255 255 255 255 255 255 255 255 255 255 255 255
255 255 255 255 255 255 255 255 255 255 255 255 255 255 255 255
255 255 255 255 255 255 255 255 255 255 255 255 255 255 255 255
255 255 255 255 255 255 255 255 255 255 255 255 255 255 255 255
255 255 255 255 255 255 255 255 255 255 255 255 255 255 255 255
255 255 255 255 255 255 255 255 255 255 255 255 255 255 255 255
255 255 255 255 255 255 255 255 255 255 255 255 255 255 255 255
255 255 255 255 255 255 255 255 255 255 255 255 255 255 255 255
255 255 255 255 255 255 255 255 255 255 255 255 255 255 255 255
255 255 255 255 255 255 255 255 255 255 255 255 255 255 255 255
255 255 255 255 255 255 255 255 255 255 255 255 255 255 255 255
255 255 255 255 255 255 255 255 255 255 255 255 255 255 255 255
255 255 255 255 255 255 255 255 255 255 255 255 255 255 255 255
255   0   0 255   0   0 255   0   0 255   0   0 255   0 255 255
255   0   0 255   0   0 255   0   0 255   0   0 255 255   0 255
255 255 255 255   0 255 255 255 251 255   0 255 255 255 255 255
255 255 255 255 255 255 255 255 255 255 255 255 255 255 255 255
255 255 255 255 255 255 255 255 255 255 255 255 255 255 255 255
255 255 255 255 255 255 255 255 255 255 255 255 255 255 255 255

255 255 255 255 255 255 255 255 255 234 198 209 249 253 255 255
255 255 255 255 255 255 255 255 255 244 188 117 138 207 255 255
255 255 255 255 255 255 255 255 255 233 180 165 214 234 255 255
255 255 255 255 255 255 255 255 255 229 165 127 160 208 255 255
255 255 255 255 255 255 255 255 255 223 158 132 150 227 255 255
255 255 255 255 255 255 255 255 255 226 159 123 142 214 255 255
255 255 255 255 255 255 255 255 255 231 166 118 144 201 255 255
255 255 255 255 255 255 255 255 255 226 160 128 148 221 255 255
255 255 255 255 255 255 255 255 255 224 157 127 142 220 255 255
255 255 255 255 255 255 255 255 255 228 172 146 154 198 255 255
255 255 255 255 255 255 255 255 255 226 173 162 167 187 255 255
255 255 255 255 255 255 255 255 255 224 156 125 133 184 255 255
255 255 255 255 255 255 255 255 255 233 176 128 134 203 255 255
255 255 255 255 255 255 255 255 255 228 157 106 129 191 255 255
255 255 255 255 255 255 255 255 255 222 153 128 145 181 255 255
255 255 255 255 255 255 255 255 255 234 180 141 154 207 255 255
255 255 255 255 255 255 255 255 255 234 198 209 249 253 255 255
255 255 255 255 255 255 255 255 255 244 188 117 138 207 255 255
255 255 255 255 255 255 255 255 255 233 180 165 214 234 255 255
255 255 255 255 255 255 255 255 255 229 165 127 160 208 255 255
255 255 255 255 255 255 255 255 255 223 158 132 150 227 255 255
255 255 255 255 255 255 255 255 255 226 159 123 142 214 255 255
255 255 255 255 255 255 255 255 255 231 166 118 144 201 255 255
255 255 255 255 255 255 255 255 255 226 160 128 148 221 255 255
255 255 255 255 255 255 255 255 255 224 157 127 142 220 255 255
255 255 255 255 255 255 255 255 255 228 172 146 154 198 255 255
255 255 255 255 255 255 255 255 255 226 173 162 167 187 255 255
255 255 255 255 255 255 255 255 255 224 156 125 133 184 255 255
255 255 255 255 255 255 255 255 255 233 176 128 134 203 255 255
255 255 255 255 255 255 255 255 255 228 157 106 129 191 255 255
255 255 255 255 255 255 255 255 255 222 153 128 145 181 255 255
255 255 255 255 255 255 255 255 255 234 180 141 154 207 255 255
255 255 255 255 255 255 255 255 255 234 198 209 249 253 255 255
255 255 255 255 255 255 255 255 255 244 188 117 138 207 255 255
255 255 255 255 255 255 255 255 255 233 180 165 214 234 255 255
255 255 255 255 255 255 255 255 255 229 165 127 160 208 255 255
255 255 255 255 255 255 255 255 255 223 158 132 150 227 255 255
255 255 255 255 255 255 255 255 255 226 159 123 142 214 255 255
255 255 255 255 255 255 255 255 255 231 166 118 144 201 255 255
255 255 255 255 255 255 255 255 255 226 160 128 148 221 255 255
255 255 255 255 255 255 255 255 255 224 157 127 142 220 255 255
255 255 255 255 255 255 255 255 255 228 172 146 154 198 255 255
255 255 255 255 255 255 255 255 255 226 173 162 167 187 255 255
255 255 255 255 255 255 255 255 255 224 156 125 133 184 255 255
255 255 255 255 255 255 255 255 255 233 176 128 134 203 255 255
255 255 255 255 255 255 255 255 255 228 157 106 129 191 255 255
255 255 255 255 255 255 255 255 255 222 153 128 145 181 255 255
255 255 255 255 255 255 255 255 255 234 180 141 154 207 255 255

255 255 255 255 255 255 255 255 255 255 255 255 255 255 255 255
255 255 255 255 255 255 255 255 255 255 255 255 255 255 255 255
253 207 234 208 227 214 201 221 220 198 187 184 203 191 181 207
249 138 214 160 150 142 144 148 142 154 167 133 134 129 145 154
209 117 165 127 132 123 118 128 127 146 162 125 128 106 128 141
198 188 180 165 158 159 166 160 157 172 173 156 176 157 153 180
234 244 233 229 223 226 231 226 224 228 226 224 233 228 222 234
255 255 255 255 255 255 255 255 255 255 255 255 255 255 255 255
255 255 255 255 255 255 255 255 255 255 255 255 255 255 255 255
255 255 255 255 255 255 255 255 255 255 255 255 255 255 255 255
255 255 255 255 255 255 255 255 255 255 255 255 255 255 255 255
255 255 255 255 255 255 255 255 255 255 255 255 255 255 255 255
255 255 255 255 255 255 255 255 255 255 255 255 255 255 255 255
255 255 255 255 255 255 255 255 255 255 255 255 255 255 255 255
255 255 255 255 255 255 255 255 255 255 255 255 255 255 255 255
255 255 255 255 255 255 255 255 255 255 255 255 255 255 255 255
255 255 255 255 255 255 255 255 255 255 255 255 255 255 255 255
255 255 255 255 255 255 255 255 255 255 255 255 255 255 255 255
253 207 234 208 227 214 201 221 220 198 187 184 203 191 181 207
249 138 214 160 150 142 144 148 142 154 167 133 134 129 145 154
209 117 165 127 132 123 118 128 127 146 162 125 128 106 128 141
198 188 180 165 158 159 166 160 157 172 173 156 176 157 153 180
234 244 233 229 223 226 231 226 224 228 226 224 233 228 222 234
255 255 255 255 255 255 255 255 255 255 255 255 255 255 255 255
255 255 255 255 255 255 255 255 255 255 255 255 255 255 255 255
255 255 255 255 255 255 255 255 255 255 255 255 255 255 255 255
255 255 255 255 255 255 255 255 255 255 255 255 255 255 255 255
255 255 255 255 255 255 255 255 255 255 255 255 255 255 255 255
255 255 255 255 255 255 255 255 255 255 255 255 255 255 255 255
255 255 255 255 255 255 255 255 255 255 255 255 255 255 255 255
255 255 255 255 255 255 255 255 255 255 255 255 255 255 255 255
255 255 255 255 255 255 255 255 255 255 255 255 255 255 255 255
255 255 255 255 255 255 255 255 255 255 255 255 255 255 255 255
255 255 255 255 255 255 255 255 255 255 255 255 255 255 255 255
253 207 234 208 227 214 201 221 220 198 187 184 203 191 181 207
249 138 214 160 150 142 144 148 142 154 167 133 134 129 145 154
209 117 165 127 132 123 118 128 127 146 162 125 128 106 128 141
198 188 180 165 158 159 166 160 157 172 173 156 176 157 153 180
234 244 233 229 223 226 231 226 224 228 226 224 233 228 222 234
255 255 255 255 255 255 255 255 255 255 255 255 255 255 255 255
255 255 255 255 255 255 255 255 255 255 255 255 255 255 255 255
255 255 255 255 255 255 255 255 255 255 255 255 255 255 255 255
255 255 255 255 255 255 255 255 255 255 255 255 255 255 255 255
255 255 255 255 255 255 255 255 255 255 255 255 255 255 255 255
255 255 255 255 255 255 255 255 255 255 255 255 255 255 255 255
255 255 255 255 255 255 255 255 255 255 255 255 255 255 255 255
255 255 255 255 255 255 255 255 255 255 255 255 255 255 255 255
255 255 255 255 255 255 255 255 255 255 255 255 255 255 255 255

255 255 207 154 141 180 234 255 255 255 255 255 255 255 255 255
255 255 181 145 128 153 222 255 255 255 255 255 255 255 255 255
255 255 191 129 106 157 228 255 255 255 255 255 255 255 255 255
255 255 203 134 128 176 233 255 255 255 255 255 255 255 255 255
255 255 184 133 125 156 224 255 255 255 255 255 255 255 255 255
255 255 187 167 162 173 226 255 255 255 255 255 255 255 255 255
255 255 198 154 146 172 228 255 255 255 255 255 255 255 255 255
255 255 220 142 127 157 224 255 255 255 255 255 255 255 255 255
255 255 221 148 128 160 226 255 255 255 255 255 255 255 255 255
255 255 201 144 118 166 231 255 255 255 255 255 255 255 255 255
255 255 214 142 123 159 226 255 255 255 255 255 255 255 255 255
255 255 227 150 132 158 223 255 255 255 255 255 255 255 255 255
255 255 208 160 127 165 229 255 255 255 255 255 255 255 255 255
255 255 234 214 165 180 233 255 255 255 255 255 255 255 255 255
255 255 207 138 117 188 244 255 255 255 255 255 255 255 255 255
255 255 253 249 209 198 234 255 255 255 255 255 255 255 255 255
255 255 207 154 141 180 234 255 255 255 255 255 255 255 255 255
255 255 181 145 128 153 222 255 255 255 255 255 255 255 255 255
255 255 191 129 106 157 228 255 255 255 255 255 255 255 255 255
255 255 203 134 128 176 233 255 255 255 255 255 255 255 255 255
255 255 184 133 125 156 224 255 255 255 255 255 255 255 255 255
255 255 187 167 162 173 226 255 255 255 255 255 255 255 255 255
255 255 198 154 146 172 228 255 255 255 255 255 255 255 255 255
255 255 220 142 127 157 224 255 255 255 255 255 255 255 255 255
255 255 221 148 128 160 226 255 255 255 255 255 255 255 255 255
255 255 201 144 118 166 231 255 255 255 255 255 255 255 255 255
255 255 214 142 123 159 226 255 255 255 255 255 255 255 255 255
255 255 227 150 132 158 223 255 255 255 255 255 255 255 255 255
255 255 208 160 127 165 229 255 255 255 255 255 255 255 255 255
255 255 234 214 165 180 233 255 255 255 255 255 255 255 255 255
255 255 207 138 117 188 244 255 255 255 255 255 255 255 255 255
255 255 253 249 209 198 234 255 255 255 255 255 255 255 255 255
255 255 207 154 141 180 234 255 255 255 255 255 255 255 255 255
255 255 181 145 128 153 222 255 255 255 255 255 255 255 255 255
255 255 191 129 106 157 228 255 255 255 255 255 255 255 255 255
255 255 203 134 128 176 233 255 255 255 255 255 255 255 255 255
255 255 184 133 125 156 224 255 255 255 255 255 255 255 255 255
255 255 187 167 162 173 226 255 255 255 255 255 255 255 255 255
255 255 198 154 146 172 228 255 255 255 255 255 255 255 255 255
255 255 220 142 127 157 224 255 255 255 255 255 255 255 255 255
255 255 221 148 128 160 226 255 255 255 255 255 255 255 255 255
255 255 201 144 118 166 231 255 255 255 255 255 255 255 255 255
255 255 214 142 123 159 226 255 255 255 255 255 255 255 255 255
255 255 227 150 132 158 223 255 255 255 255 255 255 255 255 255
255 255 208 160 127 165 229 255 255 255 255 255 255 255 255 255
255 255 234 214 165 180 233 255 255 255 255 255 255 255 255 255
255 255 207 138 117 188 244 255 255 255 255 255 255 255 255 255
255 255 253 249 209 198 234 255 255 255 255 255 255 255 255 255
