210 197 198 200 198 197 197 195 197 199 199 194 196 194 192 217
216  75 138 144  79 143  93 143 110  94 142  88  91  90 103 227
218  78 213 225  93 220 100 222 111 199 126 104 191 117 129 227
222  84 213 223 102 212 118 210 120 213 101 109 116 209 141 224
219  88 161 171 140 153 175 102 208 161 157 156 219 157 129 223
221  94 100 182 222 224 117 121 227 223 238 151 145 143 132 223
219  96 159 223 102 232 111 129 129 115 126 107 108 113 126 220
222  95 146 181 120 131 227 237 188 129 181 132 218 128 131 221
222  94 139 104 110 129 227 238 118 116 181 118 218 116 124 221
221  95 108 215 111 219 225 230 119 120 222 127 120 118 133 222
220  93 103 148 115 134 166 166 158 149 118 127 149 115 132 222
220  89  98 229 115 138 229 170 227 225 120 180 151 114 140 221
220  92 108 218 114 210 222 212 126 220 190 218 207 112 140 223
222  88 100 204 108 128 120 130 196 225 129 131 139 122 151 223
218  86  91 121 105 163 117 122 120 170 125 122 128 125 158 222
225 205 210 210 209 211 212 213 214 211 213 212 209 209 213 220
205 189 191 192 191 191 190 191 191 192 193 189 191 189 189 215
212  58 121 127  58 127  64 128  88  70 127  64  65  72  82 222
214  62 200 212  69 208  72 210  81 182 104  74 175  93 100 223
218  66 201 210  77 198  90 196  90 198  75  79  89 198 113 223
216  70 145 152 122 129 155  74 191 132 139 134 209 139  98 222
217  73  77 162 210 211  88  91 215 211 229 126 119 122  98 223
215  74 142 205  78 221  89 100 100  81  93  73  80  83  90 220
218  74 127 166  91  99 216 225 171  95 165  96 211  96  93 221
217  73 122  79  84 100 216 228  87  79 166  83 211  88  87 222
217  73  91 204  89 208 211 219  89  80 210  91  88  89  96 223
216  72  77 125  88 101 137 136 127 120  79  90 122  85  96 221
216  69  72 217  89 106 216 146 214 213  83 164 132  87 103 221
216  73  84 207  88 197 211 198  92 209 171 209 196  85 104 222
218  66  73 191  79 100  82  85 180 213  86  89  97  85 111 222
215  66  67  98  75 136  78  79  80 141  83  82  89  89 117 220
219 196 200 199 199 199 201 202 201 199 202 200 198 198 204 218
192 172 173 174 173 174 173 174 175 176 177 176 176 176 176 200
197  55 109 112  54 111  53 114  77  63 113  60  56  69  77 203
199  63 178 190  65 184  66 186  70 162  99  65 155  92  96 204
199  67 178 189  71 175  84 176  83 177  75  77  81 176 107 203
199  68 128 137 111 111 139  69 172 120 130 115 185 128  85 203
199  68  70 145 186 187  80  82 188 189 204 111 103 110  80 204
197  69 126 190  66 198  82  89  90  75  86  61  71  79  72 202
198  68 112 144  79  87 189 200 150  80 147  82 186  87  72 202
198  68 108  62  70  86 190 202  73  60 148  69 186  83  68 203
197  67  71 177  78 184 188 191  78  61 186  71  73  80  76 203
197  66  68 111  76  88 120 118 114 107  67  78 107  80  76 201
198  64  57 191  73  91 190 129 189 189  66 144 116  80  83 201
198  65  64 182  72 176 184 175  75 184 149 183 170  81  80 202
200  61  60 168  67  83  68  71 155 187  72  74  82  76  81 202
196  61  56  88  64 118  65  65  66 125  69  69  72  77  89 200
199 178 180 179 178 180 179 180 181 178 181 179 178 180 182 200

197 186 202 210 211 213 214 215 215 217 219 219 220 220 220 218
162 103 124 134 135 134 128 135 132 134 140 143 143 152 158 204
169 123 145 173 141 145 124 148 138 148 126 144 140 138 139 194
172 156 169 127 169 146 126 194 210 162 143 154 165 147 148 195
165 110 109 110 138 158 141 138 136 139 138 156 155 143 141 198
174 152 136 107 120 164 143 165 166 175 134 168 158 139 144 200
169 124 202 202 149 167 122 141 144 144 153 223 192 145 149 202
174 140 113 115 151 176 147 158 152 124 150 212 163 152 146 205
168 133 194 176 106 121 132 172 183 179 158 177 181 139 140 203
179 149 107 136 155 118 115 176 193 188 166 204 172 136 132 203
172 141 186 189 139 170 146 138 138 181 144 158 163 156 155 202
168  85  99 121 127 193 129 139 146 121 128 149 143 125 119 201
175 159 198 215 142 158 128 157 159 178 130 182 160 156 145 203
176 146 177 171 126 122 116 147 123 139 124 153 138 126 124 201
170  82  85  86  92  99 101 100  99 101 100  98 100  97  99 198
208 195 198 200 202 204 203 204 205 205 205 204 203 204 202 215
191 175 190 200 202 205 206 209 210 212 215 216 217 217 217 216
156  82  97 107 103 101  94  99  98 100 105 109 111 116 122 189
162 106 126 157 118 122  97 122 114 125  98 120 117 106 106 180
165 139 150  99 149 120  96 180 200 140 116 132 145 116 116 181
157  87  81  80 111 134 112 107 107 108 106 132 132 109 106 183
166 134 114  80  95 139 114 143 145 154  99 144 133 103 109 185
160 102 185 186 126 145  94 110 113 112 124 210 174 112 117 188
166 121  84  85 127 155 122 134 126  92 120 196 138 122 115 191
161 112 177 157  78  92 105 148 161 157 129 156 161 104 107 190
171 130  82 111 135  90  89 156 176 167 139 187 150 105 100 190
163 121 168 172 113 148 121 110 110 159 114 133 141 131 129 190
159  63  73  97 107 177 105 116 123  97 102 125 119  99  92 189
166 143 184 200 121 138 107 138 140 162 105 163 138 135 124 192
168 130 160 155 104 102  95 128 102 119 101 134 116 104 103 192
162  67  70  71  74  80  82  81  81  81  81  79  80  77  82 190
203 192 195 197 200 201 200 201 202 201 201 201 200 200 198 211
175 157 169 179 180 182 184 187 188 190 193 194 195 195 196 197
144  78  91  99  91  86  78  79  79  80  84  89  91  94  98 164
149 100 117 142 109 110  88 108 102 111  89 107 106  95  91 158
151 124 133  91 131 105  86 158 176 121 102 116 128 100  98 159
144  82  75  78 101 118  99  93  91  90  93 117 116  92  89 162
152 121 105  78  90 123 102 128 127 134  82 123 114  89  93 163
146  92 165 166 114 128  83  95  93  92 109 187 154  98  99 165
151 106  75  78 113 135 108 117 109  82 107 173 118 106  97 168
146 100 158 140  73  83  93 129 139 136 112 137 142  88  90 168
155 114  75  99 120  81  81 136 153 147 120 163 131  90  85 169
147 107 150 152  98 129 106  96  95 139  97 114 123 113 110 170
145  59  69  87  98 155  92 101 107  84  88 107 102  85  79 170
151 127 164 179 108 121  94 121 121 141  91 141 119 118 110 172
153 116 144 138  93  91  84 113  90 103  89 117 100  89  92 173
148  64  70  70  71  74  75  74  74  73  73  72  72  70  75 172
187 180 183 185 185 186 184 184 184 183 183 184 184 184 183 193

218 202 192 193 195 197 199 202 200 200 199 197 199 198 194 214
220 158 139 148 141 145 149 146 140 132 156 119 147 124  98 202
220 151 137 146 142 137 144 152 138 136 154 125 154 125  96 204
219 142 139 164 155 158 193 164 180 173 163 143 161 138  99 203
219 143 143 155 155 167 222 211 178 204 157 148 180 153  97 204
219 140 125 141 137 132 150 147 156 163 143 127 129 123 100 204
216 133 147 163 138 175 143 125 179 188 179 121 177 137 100 205
214 132 139 210 135 164 144 151 182 192 137 146 157 124  99 205
214 135 147 193 137 166 140 159 171 175 138 139 158 146 100 204
214 128 123 124 141 142 122 146 131 113 146 129 127 115 101 203
212 134 145 147 158 163 166 176 120 117 169 192 156 121  98 203
210 134 139 169 136 118 148 149 105 157 138 124 143 126  91 201
210 133 174 125 109 107 203 114 178 134 191 121 216 172  86 200
202 123 144 169 109 137 200 114 193 109 185  98 198 177  85 197
185 102 123 154 108 150 121 139 130 148 137  84 155 144  82 195
197 164 170 173 167 175 171 175 171 179 174 171 177 178 173 208
216 186 176 178 180 181 185 188 186 186 186 185 188 187 186 210
217 121 106 117 106 110 117 115 107 101 131  92 126 104  81 198
217 116 106 115 108 102 111 122 103 105 129  98 133 103  76 200
216 110 117 143 131 133 175 140 160 151 141 119 139 117  79 200
216 109 119 134 131 143 210 195 157 187 132 124 161 133  79 200
215 104  97 114 105  97 120 116 126 136 113 101 104 100  80 200
211  99 124 141 108 154 111  93 157 167 157  97 161 117  81 201
209  98 114 200 106 143 113 125 160 175 109 123 138 104  80 201
209  99 120 178 107 144 109 135 147 154 110 115 139 127  81 201
206  94  96  94 112 113  94 121 104  87 121 105 106  94  82 200
204 101 122 121 134 138 145 155  91  89 147 176 135 100  80 201
202 103 117 149 109  93 125 125  77 137 111 104 122 105  74 199
200 106 158  96  80  80 188  84 159 108 174  97 202 155  71 197
190  96 124 150  81 115 183  86 176  84 168  73 184 160  69 194
174  81 106 137  86 132  99 120 109 130 118  62 139 127  66 192
192 158 163 166 160 168 162 168 164 172 166 163 168 170 165 203
196 161 155 156 159 160 162 165 164 165 166 166 168 169 168 192
196  98  91  98  89  93  99  97  90  85 112  79 112  92  75 183
195  94  95  99  91  87  97 105  87  89 111  85 117  88  70 184
194  90 105 126 116 114 154 120 140 132 123 102 120 100  71 184
194  89 106 118 116 122 186 172 138 163 113 106 139 116  71 183
193  83  88 100  92  80 105 104 109 118  97  87  90  88  73 183
189  79 110 122  90 134  91  82 136 147 137  84 140 102  73 183
188  78 103 176  90 126  93 108 138 152  95 106 120  91  73 184
187  79 107 156  93 128  94 117 128 135  96 101 121 112  74 184
184  78  88  84  99 101  83 107  92  79 106  92  93  83  75 184
182  86 110 105 118 122 128 135  82  80 128 154 119  90  74 185
179  90 108 131  98  88 113 111  73 122  96  94 109  94  71 185
179  99 143  89  77  78 167  77 142  97 154  88 181 139  70 185
169  90 116 133  75 106 163  76 157  76 150  68 164 144  69 182
156  77 100 123  80 119  90 105  97 114 104  58 124 114  63 179
176 146 150 152 146 153 149 152 149 156 150 148 153 154 151 187

215 202 204 203 204 205 205 205 204 203 204 202 200 198 195 208
198  99  97 100  98 100 101  99 100 101  99  92  86  85  82 170
201 124 126 138 153 124 139 123 147 116 122 126 171 177 146 176
203 145 156 160 182 130 178 159 157 128 158 142 215 198 159 175
201 119 125 143 149 128 121 146 139 129 193 127 121  99  85 168
202 155 156 163 158 144 181 138 138 146 170 139 189 186 141 172
203 132 136 172 204 166 188 193 176 115 118 155 136 107 149 179
203 140 139 181 177 158 179 183 172 132 121 106 176 194 133 168
205 146 152 163 212 150 124 152 158 147 176 151 115 113 140 174
202 149 145 192 223 153 144 144 141 122 167 149 202 202 124 169
200 144 139 158 168 134 175 166 165 143 164 120 107 136 152 174
198 141 143 155 156 138 139 136 138 141 158 138 110 109 110 165
195 148 147 165 154 143 162 210 194 126 146 169 127 169 156 172
194 139 138 140 144 126 148 138 148 124 145 141 173 145 123 169
204 158 152 143 143 140 134 132 135 128 134 135 134 124 103 162
218 220 220 220 219 219 217 215 215 214 213 211 210 202 186 197
211 198 200 200 201 201 201 202 201 200 201 200 197 195 192 203
190  82  77  80  79  81  81  81  81  82  80  74  71  70  67 162
192 103 104 116 134 101 119 102 128  95 102 104 155 160 130 168
192 124 135 138 163 105 162 140 138 107 138 121 200 184 143 166
189  92  99 119 125 102  97 123 116 105 177 107  97  73  63 159
190 129 131 141 133 114 159 110 110 121 148 113 172 168 121 163
190 100 105 150 187 139 167 176 156  89  90 135 111  82 130 171
190 107 104 161 156 129 157 161 148 105  92  78 157 177 112 161
191 115 122 138 196 120  92 126 134 122 155 127  85  84 121 166
188 117 112 174 210 124 112 113 110  94 145 126 186 185 102 160
185 109 103 133 144  99 154 145 143 114 139  95  80 114 134 166
183 106 109 132 132 106 108 107 107 112 134 111  80  81  87 157
181 116 116 145 132 116 140 200 180  96 120 149  99 150 139 165
180 106 106 117 120  98 125 114 122  97 122 118 157 126 106 162
189 122 116 111 109 105 100  98  99  94 101 103 107  97  82 156
216 217 217 217 216 215 212 210 209 206 205 202 200 190 175 191
193 183 184 184 184 183 183 184 184 184 186 185 185 183 180 187
172  75  70  72  72  73  73  74  74  75  74  71  70  70  64 148
173  92  89 100 117  89 103  90 113  84  91  93 138 144 116 153
172 110 118 119 141  91 141 121 121  94 121 108 179 164 127 151
170  79  85 102 107  88  84 107 101  92 155  98  87  69  59 145
170 110 113 123 114  97 139  95  96 106 129  98 152 150 107 147
169  85  90 131 163 120 147 153 136  81  81 120  99  75 114 155
168  90  88 142 137 112 136 139 129  93  83  73 140 158 100 146
168  97 106 118 173 107  82 109 117 108 135 113  78  75 106 151
165  99  98 154 187 109  92  93  95  83 128 114 166 165  92 146
163  93  89 114 123  82 134 127 128 102 123  90  78 105 121 152
162  89  92 116 117  93  90  91  93  99 118 101  78  75  82 144
159  98 100 128 116 102 121 176 158  86 105 131  91 133 124 151
158  91  95 106 107  89 111 102 108  88 110 109 142 117 100 149
164  98  94  91  89  84  80  79  79  78  86  91  99  91  78 144
197 196 195 195 194 193 190 188 187 184 182 180 179 169 157 175
